0.00
0.00
0.00
0.00
0.00
2.00
2.00
2.00
2.00
2.00
2.00
2.00
2.00
2.00
2.00
2.00
2.00
2.00
2.00
2.00
2.00
2.00
2.57
2.57
2.57
2.57
2.57
2.57
2.57
2.57
2.57
2.57
2.57
2.57
2.57
2.57
2.57
2.57
2.57
2.57
2.57
2.57
2.57
2.57
2.57
2.57
2.57
2.57
2.57
2.22
2.22
2.22
2.22
2.22
2.22
2.22
2.46
2.46
2.46
2.46
2.46
2.46
2.46
2.46
2.46
2.46
2.27
2.27
2.27
2.27
2.27
2.27
2.27
2.27
2.27
2.27
2.27
2.27
2.27
2.27
2.27
2.27
2.27
2.27
2.27
2.27
2.27
2.27
2.27
2.27
2.27
2.27
3.05
3.05
3.05
3.05
3.05
3.05
3.05
3.67
3.67
3.67
3.67
3.67
3.67
3.67
3.67
3.67
3.67
3.67
3.67
3.67
3.57
3.40
3.40
3.40
3.40
3.40
3.25
3.25
3.25
3.25
3.25
3.25
3.25
3.25
3.25
3.25
3.25
3.25
3.25
3.25
3.25
3.25
3.25
3.25
3.25
3.24
3.24
3.24
3.24
3.24
3.24
3.24
3.24
3.24
3.24
3.24
3.24
3.24
3.24
3.24
3.24
3.24
3.24
3.24
3.24
3.24
3.24
3.24
3.24
3.24
3.24
3.24
3.24
3.24
3.24
3.24
3.24
3.24
3.24
3.24
3.24
3.24
3.24
3.24
3.24
3.24
3.24
3.24
3.11
3.11
3.11
3.11
3.11
3.11
3.11
3.11
3.11
3.11
3.11
3.11
3.11
3.11
3.11
3.11
3.11
3.11
3.11
3.11
3.11
3.11
3.11
3.11
3.11
3.11
3.11
3.11
3.03
3.03
2.93
2.93
2.93
2.93
2.93
2.93
2.93
2.93
2.93
3.04
3.04
3.04
3.04
3.04
3.04
3.04
3.04
3.04
3.04
3.04
3.04
3.04
3.04
3.04
3.04
2.96
2.96
2.96
2.96
2.96
2.96
2.96
2.96
2.96
2.96
2.96
2.96
2.96
2.96
2.96
2.96
2.96
2.96
2.96
2.96
2.96
2.90
2.90
2.90
2.90
2.90
2.90
2.83
2.83
2.83
2.83
2.83
2.83
2.83
2.83
2.83
2.83
2.83
2.83
2.83
2.83
2.83
2.83
2.83
2.83
2.83
2.83
2.83
2.83
2.83
2.83
2.83
2.83
2.83
2.83
2.77
2.77
2.77
2.77
2.77
2.77
2.77
2.77
2.77
2.77
2.77
2.77
2.77
2.77
2.77
2.77
2.77
2.77
2.77
2.77
2.77
2.77
2.77
2.77
2.77
2.77
2.77
2.77
2.77
2.77
2.77
2.77
2.77
2.77
2.77
2.77
2.77
2.77
2.77
2.77
2.72
2.72
2.69
2.69
2.69
2.69
2.69
2.69
2.69
2.69
2.69
2.69
2.69
2.69
2.69
2.69
2.69
2.69
2.69
2.69
2.69
2.69
2.69
2.69
2.69
2.69
2.69
2.69
2.69
2.69
2.69
2.69
2.69
2.69
2.69
2.69
2.69
2.69
2.69
2.69
2.69
2.69
2.69
2.69
2.69
2.69
2.69
2.69
2.69
2.78
2.78
2.78
2.78
2.78
2.78
2.78
2.78
2.78
2.78
2.78
2.78
2.78
2.78
2.78
2.78
2.78
2.78
2.78
2.78
2.78
2.78
2.78
2.78
2.78
2.78
2.78
2.78
2.78
2.78
2.78
2.78
2.78
2.78
2.78
2.78
2.78
2.78
2.78
2.78
2.78
2.78
2.78
2.78
2.78
2.78
2.78
2.78
2.79
2.79
2.79
2.79
2.79
2.79
2.79
2.79
2.79
2.79
2.79
2.79
2.74
2.74
2.74
2.74
2.76
2.76
2.76
2.86
2.86
2.86
2.86
2.84
2.84
2.84
2.84
2.80
2.80
2.80
2.80
2.80
2.80
2.80
2.80
2.80
2.80
2.80
2.80
2.80
2.80
2.79
2.79
2.79
2.79
2.79
2.79
2.79
2.79
2.79
3.02
2.98
2.98
2.98
2.98
2.98
2.98
2.98
2.98
2.97
2.97
2.97
2.97
2.97
2.97
2.97
2.97
2.97
2.97
3.01
3.01
3.01
3.01
3.09
3.09
3.09
3.09
3.09
3.09
3.09
3.09
3.22
3.22
3.22
3.22
3.40
3.40
3.40
3.40
3.40
3.40
3.40
3.40
3.40
3.40
3.40
3.40
3.40
3.40
3.40
3.40
3.40
3.40
3.40
3.40
3.40
3.40
3.40
3.40
3.40
3.40
3.40
3.40
3.40
3.40
3.40
3.40
3.40
3.40
3.40
3.40
3.40
3.40
3.40
3.40
3.40
3.40
3.40
3.40
3.40
3.40
3.40
3.40
3.40
3.40
3.40
3.40
3.36
3.36
3.36
3.36
3.36
3.36
3.42
3.42
3.42
3.42
3.42
3.42
3.42
3.42
3.42
3.42
3.42
3.42
3.41
3.41
3.41
3.41
3.41
3.41
3.41
3.41
3.41
3.41
3.41
3.41
3.41
3.41
3.41
3.41
3.41
3.41
3.41
3.41
3.41
3.41
3.41
3.41
3.41
3.41
3.41
3.41
3.41
3.41
3.41
3.41
3.41
3.41
3.41
3.41
3.41
3.41
3.41
3.41
3.41
3.41
3.41
3.41
3.41
3.41
3.41
3.41
3.41
3.41
3.41
3.41
3.41
3.41
3.41
3.37
3.37
3.37
3.37
3.37
3.37
3.37
3.37
3.37
3.37
3.37
3.37
3.37
3.37
3.37
3.37
3.37
3.37
3.37
3.37
3.37
3.37
3.37
3.37
3.37
3.36
3.36
3.36
3.36
3.36
3.36
3.36
3.36
3.36
3.32
3.32
3.32
3.32
3.32
3.32
3.32
3.32
3.32
3.32
3.31
3.31
3.31
3.31
3.31
3.31
3.31
3.31
3.31
3.31
3.31
3.27
3.27
3.27
3.27
3.27
3.27
3.27
3.27
3.27
3.27
3.27
3.27
3.27
3.27
3.27
3.27
3.27
3.39
3.39
3.39
3.39
3.39
3.39
3.39
3.39
3.39
3.39
3.39
3.39
3.39
3.39
3.38
3.38
3.38
3.38
3.38
3.38
3.38
3.38
3.38
3.38
3.38
3.38
3.38
3.38
3.38
3.43
3.43
3.43
3.43
3.51
3.51
3.51
3.51
3.51
3.51
3.51
3.51
3.51
3.51
3.51
3.51
3.47
3.47
3.47
3.47
3.47
3.52
3.52
3.52
3.52
3.52
3.52
3.52
3.52
3.52
3.52
3.52
3.52
3.52
3.52
3.52
3.52
3.52
3.52
3.52
3.52
3.52
3.56
3.56
3.56
3.56
3.56
3.56
3.56
3.56
3.56
3.56
3.56
3.56
3.56
3.56
3.56
3.56
3.56
3.56
3.56
3.57
3.57
3.57
3.57
3.57
3.57
3.57
3.57
3.57
3.57
3.57
3.57
3.57
3.57
3.57
3.59
3.59
3.59
3.59
3.59
3.59
3.59
3.55
3.55
3.55
3.55
3.55
3.55
3.55
3.55
3.55
3.55
3.55
3.55
3.55
3.55
3.55
3.55
3.55
3.55
3.55
3.55
3.55
3.55
3.55
3.55
3.55
3.55
3.55
3.55
3.55
3.55
3.55
3.55
3.52
3.52
3.52
3.52
3.52
3.52
3.52
3.52
3.52
3.52
3.52
3.52
3.52
3.52
3.52
3.52
3.52
3.48
3.48
3.48
3.48
3.48
3.48
3.48
3.48
3.48
3.48
3.48
3.48
3.48
3.47
3.47
3.47
3.47
3.47
3.47
3.47
3.47
3.47
3.47
3.47
3.47
3.47
3.47
3.47
3.47
3.47
3.65
3.65
3.65
3.65
3.65
3.65
3.65
3.65
3.65
3.65
3.65
3.65
3.65
3.65
3.65
3.65
3.65
3.66
3.66
3.66
3.66
3.66
3.66
3.66
3.66
3.66
3.66
3.66
3.66
3.66
3.66
3.66
3.66
3.63
3.63
3.63
3.63
3.63
3.62
3.62
3.62
3.62
3.60
3.60
3.60
3.60
3.60
3.60
3.60
3.60
3.60
3.60
3.60
3.60
3.60
3.60
3.60
3.60
3.60
3.60
3.60
3.60
3.60
3.60
3.60
3.60
3.60
3.60
3.60
3.60
3.60
3.60
3.60
3.60
3.60
3.60
3.60
3.60
3.60
3.60
3.60
3.60
3.60
3.60
3.60
3.60
3.60
3.60
3.60
3.60
3.60
3.60
3.60
3.60
3.60
3.60
3.60
3.60
3.60
3.60
3.60
3.60
3.60
3.60
3.60
3.60
3.60
3.60
3.60
3.60
3.60
3.60
3.60
3.62
3.62
3.62
3.62
3.62
3.62
3.62
3.62
3.62
3.62
3.62
3.62
3.62
3.59
3.59
3.59
3.59
3.59
3.59
3.59
3.59
3.59
3.59
3.59
3.56
3.56
3.56
3.56
3.56
3.56
3.56
3.56
3.56
3.56
3.56
3.56
3.56
3.56
3.56
3.56
3.56
3.56
3.56
3.56
3.56
3.56
3.56
3.56
3.56
3.56
3.56
3.56
3.56
3.56
3.56
3.56
3.56
3.56
3.56
3.56
3.56
3.62
3.62
3.62
3.59
3.59
3.59
3.59
3.58
3.58
3.58
3.58
3.58
3.58
3.61
3.61
3.61
3.61
3.61
3.61
3.61
3.61
3.61
3.61
3.61
3.61
3.61
3.61
3.61
3.61
3.58
3.58
3.58
3.58
3.58
3.58
3.58
3.58
3.58
3.58
3.58
3.58
3.58
3.58
3.58
3.58
3.58
3.58
3.58
3.58
3.58
3.58
3.58
3.58
3.64
3.64
3.64
3.64
3.64
3.64
3.64
3.64
3.64
3.64
3.64
3.64
3.64
3.61
3.61
3.61
3.61
3.61
3.61
3.61
3.61
3.61
3.61
3.61
3.61
3.61
3.59
3.59
3.59
3.59
3.59
3.59
3.59
3.59
3.59
3.59
3.59
3.59
3.59
3.59
3.59
3.59
3.59
3.59
3.59
3.59
3.59
3.59
3.59
3.59
3.59
3.59
3.59
3.59
3.59
3.59
3.59
3.59
3.59
3.59
3.59
3.59
3.59
3.59
3.59
3.59
3.59
3.59
3.63
3.63
3.63
3.63
3.63
3.63
3.63
3.63
3.63
3.63
3.63
3.63
3.63
3.63
3.63
3.63
3.63
3.63
3.63
3.63
3.63
3.63
3.63
3.63
3.63
3.63
3.63
3.63
3.63
3.63
3.63
3.63
3.63
3.63
3.63
3.63
3.63
3.63
3.63
3.63
3.63
3.63
3.63
3.63
3.63
3.63
3.64
3.64
3.64
3.64
3.64
3.64
3.64
3.64
3.64
3.64
3.64
3.64
3.64
3.64
3.64
3.64
3.64
3.64
3.64
3.64
3.64
3.64
3.64
3.64
3.64
3.64
3.64
3.64
3.64
3.64
3.64
3.64
3.64
3.64
3.64
3.62
3.62
3.62
3.87
3.87
3.87
3.87
3.87
3.87
3.87
3.87
3.87
3.87
3.87
3.87
3.87
3.87
3.87
3.87
3.87
3.87
3.87
3.87
3.87
3.87
3.87
3.87
3.87
3.87
3.87
3.87
3.87
3.87
3.87
3.87
3.87
3.87
3.87
3.87
3.87
3.87
3.87
3.87
3.87
3.87
3.87
3.87
3.87
3.87
3.87
3.87
3.87
3.87
3.87
3.87
3.87
3.84
3.87
3.87
3.87
3.87
3.87
3.87
3.87
3.87
3.87
3.87
3.87
3.87
3.87
3.87
3.84
3.84
3.84
3.84
3.84
3.84
3.82
3.82
3.82
3.82
3.82
3.82
3.82
3.82
3.82
3.82
3.82
3.82
3.82
3.82
3.82
3.82
3.82
3.82
3.82
3.82
3.82
3.82
3.82
3.82
3.82
3.82
3.82
3.82
3.82
3.82
3.82
3.79
3.79
3.79
3.77
3.77
3.77
3.77
3.77
3.77
3.77
3.77
3.77
3.77
3.80
3.80
3.80
3.80
3.80
3.80
3.80
3.80
3.80
3.80
3.80
3.80
3.80
3.80
3.77
3.77
3.77
3.77
3.77
3.77
3.77
3.77
3.77
3.77
3.75
3.75
3.75
3.75
3.75
3.75
3.75
3.75
3.75
3.75
3.75
3.75
3.75
3.75
3.75
3.75
3.75
3.75
3.75
3.75
3.75
3.75
3.75
3.75
3.75
3.75
3.75
3.75
3.75
3.75
3.75
3.75
3.75
3.75
3.75
3.68
3.68
3.68
3.68
3.68
3.68
3.68
3.68
3.68
3.68
3.68
3.68
3.68
3.68
3.63
3.63
3.63
3.63
3.63
3.63
3.63
3.63
3.63
3.63
3.63
3.63
3.63
3.63
3.63
3.63
3.63
3.63
3.63
3.63
3.63
3.63
3.63
3.63
3.63
3.63
3.63
3.63
3.63
3.63
3.63
3.63
3.63
3.63
3.63
3.63
3.63
3.63
3.58
3.58
3.58
3.58
3.58
3.58
3.60
3.60
3.60
3.60
3.60
3.60
3.60
3.60
3.60
3.60
3.60
3.60
3.60
3.60
3.60
3.60
3.60
3.60
3.60
3.60
3.60
3.60
3.60
3.60
3.60
3.60
3.60
3.60
3.60
3.60
3.60
3.60
3.60
3.60
3.60
3.60
3.60
3.60
3.60
3.60
3.60
3.60
3.60
3.60
3.60
3.60
3.60
3.60
3.60
3.60
3.60
3.60
3.60
3.60
3.60
3.60
3.60
3.60
3.60
3.60
3.60
3.60
3.60
3.60
3.60
3.60
3.60
3.60
3.60
3.60
3.54
3.54
3.54
3.54
3.54
3.54
3.54
3.54
3.54
3.54
3.54
3.55
3.55
3.55
3.55
3.55
3.55
3.55
3.55
3.55
3.55
3.55
3.55
3.55
3.55
3.55
3.55
3.55
3.55
3.55
3.55
3.55
3.55
3.55
3.55
3.55
3.55
3.55
3.55
3.55
3.55
3.55
3.55
3.55
3.55
3.55
3.55
3.55
3.39
3.39
3.39
3.39
3.39
3.39
3.39
3.39
3.38
3.38
3.38
3.38
3.38
3.38
3.38
3.38
3.38
3.38
3.38
3.38
3.38
3.38
3.38
3.38
3.38
3.38
3.38
3.38
3.38
3.38
3.38
3.29
3.29
3.29
3.29
3.29
3.29
3.29
3.29
3.29
3.29
3.29
3.29
3.29
3.29
3.29
3.29
3.29
3.29
3.29
3.29
3.29
3.29
3.29
3.33
3.33
3.33
3.33
3.33
3.33
3.33
3.33
3.33
3.33
3.33
3.33
3.33
3.33
3.33
3.33
3.33
3.33
3.33
3.33
3.33
3.33
3.33
3.33
3.33
3.33
3.33
3.33
3.33
3.33
3.33
3.33
3.33
3.33
3.33
3.33
3.33
3.33
3.33
3.33
3.33
3.33
3.33
3.33
3.33
3.33
3.33
3.33
3.33
3.33
3.33
3.33
3.33
3.33
3.33
3.33
3.33
3.33
3.33
3.33
3.33
3.33
3.33
3.33
3.34
3.34
3.34
3.34
3.34
3.34
3.34
3.34
3.34
3.34
3.33
3.33
3.33
3.33
3.33
3.33
3.33
3.33
3.33
3.33
3.33
3.33
3.33
3.33
3.33
3.33
3.33
3.33
3.33
3.33
3.33
3.33
3.33
3.33
3.27
3.27
3.27
3.27
3.27
3.27
3.27
3.27
3.27
3.27
3.27
3.27
3.27
3.27
3.27
3.29
3.29
3.29
3.29
3.29
3.29
3.29
3.29
3.29
3.29
3.30
3.30
3.30
3.30
3.56
3.56
3.56
3.56
3.56
3.56
3.56
3.56
3.56
3.56
3.56
3.56
3.56
3.56
3.56
3.56
3.56
3.56
3.56
3.56
3.56
3.56
3.56
3.56
3.56
3.56
3.56
3.56
3.56
3.56
3.56
3.56
3.56
3.56
3.56
3.56
3.56
3.56
3.56
3.56
3.56
3.56
3.56
3.56
3.56
3.56
3.49
3.49
3.49
3.49
3.49
3.49
3.49
3.49
3.49
3.48
3.48
3.48
3.48
3.48
3.48
3.42
3.42
3.42
3.40
3.40
3.40
3.40
3.40
3.40
3.40
3.40
3.40
3.40
3.40
3.40
3.40
3.40
3.40
3.40
3.35
3.35
3.35
3.35
3.35
3.35
3.34
3.34
3.34
3.34
3.34
3.35
3.35
3.35
3.35
3.35
3.35
3.35
3.35
3.35
3.33
3.33
3.33
3.33
3.33
3.33
3.33
3.33
3.33
3.33
3.33
3.33
3.33
3.33
3.16
3.16
3.16
3.16
3.16
3.16
3.16
3.16
3.16
3.16
3.16
3.16
3.16
3.16
3.16
3.16
3.16
3.16
3.15
3.15
3.15
3.15
3.15
3.15
3.15
3.15
3.15
3.15
3.15
3.15
3.15
3.15
3.15
3.15
3.15
3.15
3.15
3.15
3.15
3.15
3.15
3.15
3.15
3.15
3.15
3.15
3.15
3.15
3.15
3.15
3.15
3.15
3.15
3.15
3.15
3.15
3.15
3.15
3.15
3.15
3.15
3.15
3.15
3.15
3.15
3.15
3.15
3.11
3.11
3.11
3.11
3.11
3.11
3.11
3.11
3.11
3.11
3.11
3.11
3.11
3.11
3.11
3.11
3.11
3.11
3.11
3.11
3.11
3.11
3.11
3.11
3.11
3.11
3.11
3.11
3.11
3.11
3.11
3.11
3.11
3.11
3.11
3.11
3.11
3.11
3.11
3.11
3.11
3.11
3.11
3.11
3.11
3.11
3.11
3.11
3.10
3.10
3.10
3.10
3.10
3.10
3.10
3.10
3.10
3.10
3.11
3.11
3.11
3.11
3.11
3.11
3.11
3.11
3.11
3.11
3.11
3.11
3.11
3.11
3.11
3.11
3.07
3.09
3.09
3.09
3.09
3.09
3.09
3.09
3.09
3.09
3.09
3.09
3.09
3.09
3.09
3.09
3.09
3.09
3.09
3.08
3.08
3.08
3.08
3.08
3.08
3.08
3.08
3.08
3.08
3.08
3.08
3.08
3.08
3.08
3.08
3.08
3.08
3.08
3.08
3.08
3.08
3.08
3.01
3.01
3.01
3.01
3.01
3.04
3.04
3.04
3.04
3.04
3.04
3.04
3.04
3.04
3.04
3.04
3.04
3.04
3.04
3.04
3.04
3.04
3.04
3.04
3.04
3.04
3.04
3.04
3.04
3.04
3.04
3.04
3.04
3.04
3.04
3.01
3.01
3.03
3.03
3.04
3.04
3.04
3.04
3.04
3.04
3.04
3.04
2.87
2.87
2.87
2.87
2.87
2.87
2.87
2.87
2.87
2.87
2.87
2.87
2.87
2.87
2.87
2.87
2.87
2.87
2.87
2.90
2.90
2.90
2.90
2.90
2.90
2.90
2.90
2.90
2.90
2.90
2.90
2.90
2.90
2.90
2.90
2.90
2.87
2.87
2.87
2.87
2.87
2.87
2.87
2.87
2.87
2.86
2.86
2.86
2.86
2.86
2.86
2.86
2.86
2.86
2.86
2.86
2.86
2.86
2.86
2.86
2.82
2.82
2.82
2.82
2.82
2.84
2.84
2.84
2.84
2.84
2.84
2.84
2.84
2.84
2.84
2.84
2.84
2.84
2.84
2.84
2.84
2.84
2.80
2.80
2.80
2.80
2.80
2.80
2.80
2.80
2.79
2.79
2.79
2.79
2.79
2.79
2.79
2.79
2.79
2.79
2.79
2.79
2.79
2.79
2.79
2.78
2.78
2.78
2.78
2.78
2.78
2.78
2.78
2.78
2.78
2.76
2.76
2.76
2.76
2.76
2.76
2.76
2.76
2.76
2.76
2.76
2.76
2.76
2.76
2.76
2.76
2.76
2.76
2.76
2.76
2.76
2.76
2.76
2.76
2.76
2.81
2.81
2.81
2.81
2.81
2.81
2.83
2.83
2.83
2.83
2.82
2.82
2.82
2.82
2.82
2.82
2.82
2.82
2.82
2.82
2.81
2.81
2.81
2.81
2.81
2.81
2.81
2.81
2.81
2.81
2.81
2.81
2.81
2.81
2.81
2.81
2.81
2.81
2.81
2.81
2.81
2.81
2.81
2.81
2.81
2.81
2.81
2.81
2.81
2.81
2.81
2.60
2.60
2.60
2.60
2.60
2.60
2.60
2.60
2.60
2.60
2.60
2.60
2.60
2.60
2.60
2.60
2.60
2.69
2.69
2.69
2.69
2.69
2.69
2.68
2.68
2.68
2.68
2.68
2.68
2.68
2.68
2.68
2.68
2.68
2.68
2.67
2.67
2.67
2.67
2.67
2.67
2.67
2.67
2.67
2.67
2.67
2.67
2.67
2.67
2.67
2.67
2.67
2.67
2.67
2.67
2.67
2.67
2.67
2.70
2.70
2.70
2.70
2.69
2.69
2.69
2.69
2.69
2.69
2.69
2.69
2.69
2.69
2.69
2.69
2.69
2.69
2.69
2.69
2.69
2.69
2.69
2.69
2.66
2.66
2.66
2.66
2.66
2.66
2.66
2.66
2.66
2.66
2.66
2.66
2.65
2.65
2.65
2.65
2.65
2.65
2.65
2.65
2.65
2.65
2.65
2.64
2.64
2.64
2.64
2.64
2.64
2.64
2.64
2.64
2.64
2.64
2.64
2.64
2.64
2.67
2.67
2.67
2.67
2.67
2.67
2.67
2.67
2.67
2.67
2.67
2.67
2.67
2.67
2.67
2.67
2.67
2.67
2.67
2.67
2.67
2.67
2.67
2.67
2.67
2.67
2.58
2.58
2.58
2.58
2.60
2.60
2.60
2.60
2.60
2.60
2.60
2.60
2.60
2.60
2.60
2.60
2.60
2.58
2.58
2.58
2.58
2.58
2.58
2.58
2.58
2.58
2.58
2.58
2.58
2.58
2.58
2.58
2.58
2.58
2.58
2.58
2.58
2.58
2.58
2.58
2.58
2.58
2.58
2.58
2.58
2.58
2.58
2.58
2.54
2.54
2.54
2.54
2.54
2.54
2.54
2.54
2.54
2.56
2.56
2.56
2.56
2.56
2.56
2.56
2.56
2.55
2.55
2.55
2.55
2.55
2.55
2.55
2.55
2.55
2.55
2.55
2.55
2.55
2.55
2.55
2.55
2.55
2.55
2.55
2.55
2.55
2.55
2.55
2.55
2.55
2.55
2.55
2.55
2.55
2.55
2.55
2.55
2.55
2.55
2.55
2.55
2.55
2.55
2.55
2.54
2.54
2.53
2.53
2.53
2.53
2.53
2.53
2.53
2.53
2.49
2.49
2.49
2.49
2.49
2.49
2.49
2.50
2.50
2.50
2.50
2.50
2.50
2.50
2.50
2.50
2.49
2.49
2.49
2.49
2.49
2.49
2.49
2.49
2.49
2.49
2.49
2.49
2.49
2.49
2.49
2.49
2.49
2.49
2.49
2.49
2.48
2.50
2.50
2.50
2.50
2.50
2.50
2.50
2.50
2.50
2.50
2.50
2.50
2.50
2.50
2.50
2.50
2.50
2.50
2.50
2.50
2.50
2.50
2.50
2.50
2.50
2.50
2.50
2.50
2.50
2.50
2.50
2.50
2.50
2.50
2.50
2.50
2.50
2.50
2.50
2.50
2.50
2.50
2.50
2.50
2.50
2.50
2.50
2.50
2.50
2.50
2.50
2.50
2.50
2.50
2.50
2.50
2.50
2.50
2.50
2.50
2.50
2.50
2.50
2.50
2.50
2.50
2.50
2.50
2.50
2.50
2.50
2.50
2.31
2.31
2.31
2.31
2.31
2.31
2.31
2.31
2.31
2.31
2.31
2.31
2.31
2.31
2.31
2.31
2.31
2.31
2.31
2.31
2.31
2.31
2.31
2.32
2.32
2.32
2.29
2.29
2.29
2.29
2.29
2.29
2.29
2.29
2.29
2.29
2.29
2.29
2.29
2.29
2.29
2.29
2.29
2.29
2.29
2.29
2.29
2.29
2.29
2.29
2.29
2.29
2.29
2.29
2.29
2.31
2.31
2.31
2.31
2.31
2.31
2.31
2.31
2.31
2.31
2.31
2.31
2.31
2.31
2.31
2.31
2.31
2.31
2.31
2.31
2.31
2.31
2.31
2.31
2.31
2.31
2.31
2.31
2.31
2.31
2.31
2.31
2.31
2.31
2.31
2.31
2.31
2.31
2.31
2.31
2.31
2.31
2.31
2.31
2.31
2.31
2.31
2.30
2.30
2.30
2.30
2.30
2.30
2.30
2.30
2.30
2.30
2.30
2.30
2.30
2.30
2.30
2.30
2.27
2.27
2.27
2.27
2.27
2.27
2.27
2.27
2.27
2.27
2.27
2.27
2.27
2.27
2.27
2.27
2.27
2.27
2.27
2.27
2.27
2.27
2.27
2.27
2.27
2.27
2.27
2.27
2.27
2.27
2.27
2.27
2.27
2.27
2.27
2.27
2.27
2.27
2.27
2.27
2.27
2.27
2.27
2.27
2.27
2.27
2.27
2.27
2.27
2.27
2.27
2.27
2.27
2.27
2.25
2.25
2.25
2.25
2.25
2.25
2.25
2.25
2.25
2.25
2.25
2.25
2.25
2.25
2.25
2.25
2.25
2.25
2.25
2.25
2.25
2.25
2.25
2.25
2.25
2.25
2.25
2.25
2.25
2.25
2.25
2.25
2.25
2.25
2.25
2.25
2.25
2.25
2.25
2.25
2.25
2.25
2.25
2.25
2.25
2.25
2.25
2.25
2.21
2.21
2.21
2.21
2.21
2.21
2.21
2.17
2.17
2.17
2.17
2.17
2.17
2.17
2.17
2.17
2.17
2.17
2.17
2.17
2.17
2.17
2.17
2.17
2.17
2.17
2.17
2.17
2.17
2.17
2.17
2.17
2.17
2.17
2.17
2.17
2.17
2.17
2.17
2.17
2.17
2.17
2.17
2.17
2.17
2.17
2.17
2.17
2.17
2.17
2.17
2.17
2.17
2.17
2.17
2.17
2.17
2.17
2.17
2.17
2.17
2.17
2.17
2.17
2.17
2.17
2.15
2.15
2.15
2.15
2.15
2.15
2.15
2.15
2.15
2.15
2.15
2.15
2.15
2.15
2.15
2.15
2.15
2.15
2.15
2.15
2.15
2.15
2.15
2.15
2.15
2.15
2.15
2.15
2.15
2.15
2.15
2.15
2.15
2.15
2.15
2.15
2.15
2.15
2.15
2.15
2.15
2.15
2.15
2.15
2.15
2.15
2.15
2.15
2.15
2.15
2.15
2.15
2.15
2.15
2.15
2.15
2.15
2.15
2.15
2.15
2.15
2.15
2.15
2.15
2.15
2.15
2.15
2.15
2.15
2.15
2.15
2.15
2.15
2.15
2.15
2.15
2.15
2.15
2.15
2.15
2.15
2.15
2.15
2.15
2.15
2.15
2.15
2.15
2.15
2.15
2.15
2.15
2.15
2.15
2.15
2.15
2.15
2.11
2.11
2.11
2.11
2.11
2.05
2.05
2.05
2.05
2.05
2.05
2.05
2.05
2.05
2.05
2.05
2.05
2.05
2.05
2.05
2.06
2.06
2.06
2.06
2.06
2.06
2.05
2.05
2.05
2.05
2.05
2.05
2.05
2.05
2.05
2.05
2.05
2.05
2.05
2.06
2.06
2.06
2.06
2.04
2.04
2.05
2.05
2.05
2.05
2.05
2.05
2.05
2.05
2.05
2.05
2.05
2.05
2.05
2.05
2.05
2.05
2.05
2.05
2.05
2.05
2.05
2.05
2.05
2.05
2.05
2.05
2.05
2.05
2.05
2.05
2.05
2.05
2.05
2.05
2.05
2.05
2.05
2.05
2.05
2.05
2.05
2.05
2.05
2.05
2.05
2.05
2.05
2.05
2.05
2.05
2.05
2.05
2.05
2.05
2.05
2.05
2.05
2.05
2.05
2.05
2.05
2.05
2.00
2.00
2.00
2.00
2.00
2.00
2.00
2.00
2.00
2.00
2.00
2.00
2.00
2.00
2.00
2.00
2.00
2.00
2.00
2.00
2.00
2.00
2.00
2.00
1.81
1.81
1.81
1.81
1.81
1.81
1.81
1.81
1.81
1.81
1.81
1.81
1.81
1.81
1.81
1.76
1.76
1.76
1.76
1.77
1.77
1.77
1.77
1.77
1.77
1.77
1.77
1.77
1.77
1.77
1.77
1.77
1.77
1.77
1.77
1.77
1.77
1.77
1.77
1.77
1.77
1.77
1.77
1.77
1.77
1.78
1.78
1.78
1.78
1.78
1.78
1.78
1.78
1.78
1.78
1.78
1.78
1.78
1.78
1.78
1.78
1.78
1.78
1.78
1.76
1.76
1.76
1.76
1.76
1.76
1.76
1.76
1.76
1.76
1.76
1.76
1.76
1.76
1.76
1.76
1.76
1.76
1.76
1.76
1.76
1.76
1.76
1.76
1.76
1.60
1.60
1.60
1.60
1.60
1.60
1.60
1.60
1.60
1.60
1.60
1.60
1.60
1.60
1.60
1.60
1.60
1.60
1.60
1.60
1.60
1.60
1.60
1.60
1.60
1.60
1.60
1.60
1.60
1.60
1.60
1.60
1.60
1.60
1.60
1.60
1.60
1.60
1.60
1.60
1.60
1.60
1.60
1.60
1.60
1.60
1.60
1.60
1.60
1.60
1.60
1.60
1.60
1.60
1.60
1.60
1.60
1.60
1.60
1.60
1.60
1.60
1.60
1.60
1.60
1.60
1.60
1.60
1.56
1.56
1.56
1.56
1.56
1.56
1.56
1.56
1.56
1.56
1.56
1.56
1.56
1.56
1.56
1.56
1.56
1.56
1.56
1.56
1.56
1.56
1.56
1.54
1.54
1.54
1.54
1.54
1.54
1.54
1.54
1.54
1.54
1.54
1.54
1.54
1.54
1.54
1.54
1.54
1.54
1.54
1.54
1.54
1.54
1.54
1.54
1.54
1.54
1.54
1.54
1.54
1.54
1.54
1.54
1.54
1.54
1.54
1.54
1.54
1.54
1.54
1.54
1.54
1.54
1.54
1.54
1.54
1.54
1.54
1.54
1.54
1.54
1.54
1.53
1.53
1.53
1.53
1.53
1.53
1.53
1.53
1.53
1.53
1.53
1.53
1.53
1.53
1.53
1.53
1.53
1.53
1.53
1.53
1.53
1.53
1.49
1.49
1.50
1.50
1.50
1.50
1.50
1.50
1.50
1.49
1.49
1.49
1.49
1.49
1.49
1.49
1.49
1.49
1.49
1.49
1.49
1.49
1.49
1.46
1.46
1.46
1.46
1.46
1.46
1.46
1.46
1.46
1.46
1.46
1.47
1.47
1.47
1.47
1.47
1.47
1.47
1.47
1.47
1.47
1.47
1.47
1.47
1.47
1.47
1.49
1.49
1.49
1.49
1.49
1.49
1.49
1.49
1.49
1.49
1.49
1.49
1.49
1.49
1.49
1.49
1.49
1.49
1.49
1.49
1.49
1.49
1.49
1.49
1.49
1.49
1.49
1.49
1.49
1.45
1.45
1.45
1.45
1.45
1.45
1.45
1.45
1.45
1.45
1.45
1.45
1.45
1.45
1.45
1.45
1.45
1.45
1.45
1.45
1.45
1.45
1.45
1.45
1.45
1.45
1.45
1.38
1.38
1.38
1.38
1.38
1.38
1.38
1.38
1.39
1.39
1.39
1.39
1.39
1.39
1.39
1.39
1.39
1.39
1.39
1.52
1.52
1.52
1.52
1.52
1.52
1.52
1.52
1.52
1.52
1.52
1.52
1.52
1.52
1.52
1.52
1.52
1.52
1.52
1.52
1.52
1.52
1.52
1.52
1.57
1.57
1.57
1.57
1.57
1.57
1.57
1.57
1.57
1.57
1.56
1.56
1.57
1.57
1.57
1.57
1.57
1.57
1.57
1.57
1.57
1.57
1.57
1.57
1.57
1.57
1.57
1.57
1.57
1.57
1.57
1.57
1.57
1.57
1.57
1.57
1.57
1.57
1.57
1.57
1.59
1.59
1.59
1.59
1.59
1.59
1.59
1.59
1.59
1.55
1.55
1.55
1.55
1.55
1.55
1.55
1.55
1.57
1.57
1.57
1.57
1.57
1.57
1.57
1.57
1.57
1.57
1.57
1.57
1.57
1.57
1.57
1.57
1.57
1.57
1.57
1.57
1.57
1.53
1.53
1.53
1.53
1.53
1.53
1.53
1.53
1.53
1.53
1.53
1.53
1.53
1.53
1.53
1.53
1.53
1.53
1.53
1.53
1.53
1.53
1.53
1.53
1.53
1.53
1.53
1.53
1.53
1.53
1.53
1.53
1.53
1.53
1.53
1.53
1.53
1.40
1.40
1.40
1.40
1.40
1.40
1.40
1.40
1.40
1.40
1.41
1.41
1.41
1.41
1.41
1.41
1.41
1.41
1.41
1.41
1.41
1.41
1.41
1.41
1.41
1.41
1.41
1.41
1.41
1.41
1.41
1.41
1.41
1.40
1.40
1.40
1.40
1.40
1.40
1.53
1.53
1.53
1.53
1.53
1.53
1.53
1.53
1.53
1.53
1.53
1.53
1.53
1.53
1.53
1.53
1.53
1.53
1.53
1.53
1.53
1.53
1.53
1.53
1.53
1.53
1.53
1.53
1.53
1.53
1.53
1.53
1.53
1.53
1.53
1.53
1.53
1.53
1.53
1.53
1.53
1.53
1.53
1.53
1.53
1.53
1.53
1.53
1.53
1.53
1.53
1.53
1.53
1.53
1.53
1.53
1.53
1.53
1.53
1.53
1.47
1.47
1.47
1.47
1.45
1.45
1.45
1.45
1.46
1.46
1.46
1.46
1.46
1.46
1.46
1.46
1.46
1.46
1.48
1.48
1.48
1.48
1.48
1.48
1.48
1.48
1.48
1.48
1.48
1.48
1.48
1.48
1.48
1.48
1.48
1.48
1.48
1.48
1.48
1.48
1.48
1.48
1.48
1.48
1.48
1.48
1.48
1.48
1.48
1.48
1.48
1.48
1.48
1.44
1.44
1.44
1.44
1.44
1.44
1.44
1.44
1.44
1.44
1.44
1.44
1.44
1.44
1.44
1.44
1.44
1.44
1.41
1.41
1.41
1.41
1.41
1.41
1.41
1.41
1.41
1.41
1.41
1.40
1.40
1.40
1.40
1.40
1.40
1.40
1.40
1.40
1.40
1.40
1.40
1.40
1.40
1.40
1.40
1.40
1.40
1.40
1.40
1.40
1.40
1.40
1.40
1.40
1.40
1.40
1.40
1.37
1.37
1.37
1.37
1.37
1.37
1.37
1.37
1.38
1.38
1.38
1.38
1.38
1.38
1.38
1.38
1.38
1.38
1.38
1.38
1.38
1.38
1.39
1.39
1.39
1.39
1.39
1.39
1.39
1.39
1.39
1.39
1.39
1.39
1.39
1.39
1.39
1.39
1.39
1.39
1.39
1.39
1.39
1.39
1.39
1.39
1.39
1.39
1.39
1.39
1.39
1.39
1.39
1.39
1.39
1.39
1.39
1.38
1.38
1.38
1.38
1.38
1.38
1.38
1.38
1.38
1.38
1.38
1.38
1.38
1.38
1.38
1.38
1.38
1.38
1.38
1.38
1.38
1.38
1.34
1.34
1.34
1.34
1.34
1.34
1.34
1.34
1.34
1.34
1.34
1.34
1.34
1.34
1.34
1.34
1.34
1.34
1.34
1.34
1.34
1.35
1.35
1.35
1.35
1.35
1.35
1.35
1.35
1.35
1.35
1.35
1.30
1.30
1.30
1.30
1.30
1.30
1.30
1.30
1.30
1.30
1.30
1.30
1.30
1.30
1.30
1.30
1.30
1.30
1.30
1.30
1.30
1.30
1.30
1.30
1.30
1.30
1.30
1.30
1.30
1.30
1.30
1.30
1.30
1.30
1.30
1.30
1.30
1.30
1.30
1.30
1.30
1.30
1.30
1.30
1.30
1.30
1.30
1.30
1.30
1.30
1.30
1.30
1.30
1.30
1.39
1.39
1.40
1.40
1.41
1.41
1.41
1.41
1.41
1.41
1.41
1.41
1.41
1.41
1.41
1.41
1.41
1.41
1.41
1.41
1.41
1.41
1.41
1.41
1.41
1.41
1.41
1.41
1.41
1.41
1.41
1.41
1.41
1.41
1.41
1.41
1.41
1.41
1.41
1.38
1.38
1.38
1.38
1.38
1.38
1.38
1.38
1.38
1.38
1.38
1.38
1.38
1.38
1.38
1.38
1.38
1.40
1.40
1.40
1.40
1.40
1.40
1.40
1.40
1.40
1.40
1.40
1.40
1.35
1.35
1.35
1.35
1.35
1.35
1.35
1.35
1.35
1.35
1.35
1.35
1.35
1.35
1.35
1.35
1.35
1.35
1.35
1.35
1.35
1.35
1.35
1.35
1.35
1.35
1.35
1.35
1.35
1.35
1.35
1.35
1.35
1.35
1.35
1.35
1.35
1.35
1.35
1.35
1.35
1.36
1.36
1.36
1.36
1.36
1.36
1.36
1.36
1.36
1.36
1.36
1.36
1.36
1.36
1.36
1.36
1.36
1.36
1.36
1.36
1.37
1.37
1.37
1.37
1.37
1.37
1.37
1.37
1.37
1.37
1.37
1.37
1.37
1.37
1.37
1.37
1.37
1.37
1.37
1.37
1.37
1.37
1.37
1.37
1.37
1.37
1.37
1.37
1.37
1.37
1.37
1.37
1.37
1.37
1.37
1.37
1.37
1.37
1.37
1.38
1.38
1.38
1.38
1.38
1.38
1.38
1.38
1.38
1.38
1.38
1.38
1.38
1.38
1.38
1.38
1.38
1.38
1.38
1.38
1.38
1.38
1.38
1.38
1.38
1.38
1.38
1.38
1.38
1.38
1.38
1.38
1.38
1.38
1.38
1.38
1.38
1.38
1.38
1.38
1.38
1.38
1.38
1.43
1.46
1.46
1.46
1.46
1.46
1.46
1.46
1.46
1.46
1.46
1.46
1.46
1.46
1.46
1.46
1.45
1.45
1.45
1.45
1.45
1.45
1.45
1.45
1.45
1.45
1.45
1.45
1.45
1.45
1.46
1.46
1.46
1.46
1.46
1.46
1.46
1.46
1.46
1.46
1.46
1.46
1.46
1.46
1.46
1.46
1.46
1.46
1.46
1.46
1.46
1.46
1.46
1.46
1.46
1.46
1.46
1.46
1.47
1.47
1.47
1.47
1.47
1.47
1.47
1.47
1.47
1.47
1.47
1.47
1.47
1.47
1.47
1.47
1.47
1.47
1.47
1.47
1.47
1.47
1.47
1.47
1.45
1.45
1.45
1.45
1.45
1.45
1.45
1.45
1.45
1.45
1.45
1.45
1.45
1.45
1.45
1.45
1.45
1.45
1.45
1.45
1.45
1.45
1.45
1.45
1.45
1.45
1.45
1.45
1.45
1.45
1.45
1.45
1.45
1.47
1.47
1.47
1.47
1.47
1.47
1.47
1.47
1.47
1.47
1.47
1.47
1.47
1.47
1.47
1.47
1.47
1.47
1.47
1.47
1.47
1.47
1.47
1.47
1.47
1.47
1.47
1.47
1.47
1.47
1.47
1.47
1.47
1.47
1.47
1.47
1.47
1.47
1.47
1.47
1.47
1.47
1.47
1.47
1.47
1.47
1.47
1.47
1.47
1.47
1.47
1.47
1.47
1.47
1.47
1.47
1.47
1.47
1.47
1.47
1.47
1.47
1.47
1.47
1.47
1.47
1.47
1.47
1.47
1.47
1.47
1.47
1.47
1.47
1.47
1.47
1.47
1.47
1.47
1.47
1.47
1.51
1.51
1.51
1.51
1.51
1.51
1.51
1.51
1.51
1.51
1.51
1.51
1.51
1.51
1.51
1.51
